# Sample MT19937 observation captured from Python's random module.
# Produced by: mtpredict --demo   (624 consecutive getrandbits(32) values)
# Feed this file back into mtpredict to predict the following values.

2262295169 828566155 4017709064 1286202108
279203846 2348186595 1283345298 1222045728
1096024982 1408835767 2302828169 2916414193
565122599 577956809 2158351732 1074574217
1332019084 589594220 3543720238 242284703
2410852007 1259529522 994950503 3992904623
3363015037 3359220998 305211288 4127682989
2437244274 2563966232 3847088452 1591014249
762023674 3268803769 2130989307 2009164924
2172787166 790088988 1471468214 3270264795
2802275923 899412101 4133333128 2265159020
1406837612 3087372024 2549494529 3198568875
1070943961 1474230548 1679553639 3558252941
2095563776 1334777863 3599114277 3877046310
3117563948 2690785591 1048875371 802950621
1766138792 465538196 2426660423 3850007140
1325346777 804833347 1557387236 94443606
3373994729 3439494155 2697036025 105839441
119709347 16459756 2669346308 2526421730
3465821036 115114563 744387643 3514146032
3627223589 2605987183 2266001687 2970376409
1392664716 3823405463 7970362 2735276748
1064683487 797274832 4093445512 3734917429
3072307405 3559190807 447749291 748286810
4000328135 435902900 3049645823 421082403
547836024 440067388 489371900 498037180
3877204767 1438638124 1394079431 3382596756
1393456054 250834561 21705579 3458068979
3267416357 2790959026 2921068504 3869889668
3586746683 2017488260 284501106 436906168
73039817 2533153442 3851241308 3080827349
2189492241 513569538 733670580 473950696
2251733045 4211903902 1769544916 1159365022
205139 655501078 660948680 807856325
3229789634 1371306137 3323049504 635359591
1066120052 84460244 2609121571 2852815351
443493463 1235734927 3890255299 2829070612
91362939 3774680238 1827578404 3879032793
1912426300 680457648 2191357469 2632565929
2027921527 3014828843 2688070183 2232818045
2868313211 3864233195 2184390678 3360380431
3614909305 291408200 721382095 2215305454
2512212059 1417296596 657757771 402329374
2432835265 2887571917 3306456725 1640129965
3739253092 3252504589 3040301508 1703258253
3273900985 3672881918 3000189269 2576106739
3179414441 3298816226 1352092206 1216444540
625609261 4047328547 1385283218 2299032974
305396254 2485136488 262475914 620701409
2536313664 1249141467 1247331467 1288093815
2076119935 595106707 3933348166 2520965449
1192106310 3327594979 193198257 131424390
1526995758 1107494711 4147305050 1594309712
573846733 1307434231 3404735166 365442295
3991986519 2181642705 4131714132 1869577351
2087585001 3082204816 868162185 3722761935
3074298461 1770363690 1014772288 517543347
3584910563 2819189083 2086531926 367343611
4120122535 1246049097 1985786619 4025469744
3383082473 1265493959 2924121139 4212558632
2379692475 1467906751 1244965122 1579437158
3205341552 2678781152 3577772683 318304105
2776389278 1466793088 2040324196 643380229
21883166 1882532801 1301855770 321015674
91450773 108838504 3561406207 3658876330
2149752776 3573118350 4061410993 3351853109
3894261316 3620963210 2976556839 3654087970
1802557350 695718497 1295760256 560886200
1139804545 2872506446 2883690754 1620003351
618419881 948962345 2717919397 783904062
2254026146 3318039698 3119977282 4021046008
372152726 1264824959 661203921 4205176206
2103931627 1511756711 1139734922 4016575288
549571255 1281938280 4198891993 3195404815
3939781431 316005173 4244128039 2139446331
2261883643 3711564863 3832951189 109303942
763250866 104139817 1486354682 1839792089
1129886845 909624084 1118785675 3241818350
1418540951 1502884244 186839703 964465243
2237137104 3279005819 1611312746 307977181
2217190836 3055258662 2989632268 3273715255
2400256612 681418185 4261830609 363367182
1124708082 1910888587 4156335642 982670551
2993259045 606533816 2770571125 3085328108
1900601522 1819454214 2066785680 742016223
800167009 2257377264 1015183871 2196952752
318370997 1713591472 847379292 290091735
2709930260 4018819422 631799576 3235129488
710658446 906961130 713142231 1804079231
1658219158 1558921808 1659778299 2591370590
1530888526 771774964 1844224263 995083517
2083886929 3086377933 1090955271 1099062510
2873322727 2285531171 31128435 3325063348
2148143407 1716907870 2137436926 3870665997
3010372962 414352178 3767937538 1490837435
1425940346 2545504465 1760579064 3997276427
1528092233 996724337 4003084947 4004124610
1053083257 4097825799 2181260137 3672649738
1843498211 2267846178 3057553386 4013648101
3464471920 1887090538 3694473029 2120773181
862257479 2380415978 3856346083 3365178836
529998251 2493656550 1208782121 706785794
3146160490 2618972789 659636316 464550387
1926008498 1370756510 130552624 3425027044
2130909267 4183146384 2418871587 76119140
1882885191 2845478691 544458796 2002676917
2437160368 4027301420 1609884078 3933213929
1475142288 2752339413 3803789453 1770145693
2274514935 3857344346 2774879387 1153985827
1983672931 3330754697 293846956 3521763736
77790106 541062751 1853258363 70876094
2904964702 1832446228 659553101 12163700
325424289 3519582833 52403257 3282754055
771548797 2818073424 4107996636 3583353962
1611641493 4205766773 624984870 918129310
2253634929 1753619876 1163610645 2192567782
1634304752 3589309490 4059979849 3510475152
1494762902 2009306257 3286412231 2988427892
4030301186 2561512155 2637864587 1186006401
3728740815 3601772109 440033754 2079987998
452962624 4282577330 3959058373 1422086598
3552879862 1518839542 998440552 1096863743
2873729158 456585204 2408209165 4134048337
3549729524 498982935 1873647936 3484561063
3405647269 1707973614 3574755616 1621034510
110709824 2615166957 1767325722 3775212683
1119549614 2035401561 4109374336 1664922538
63137484 1801878742 4257408784 2476966659
602096872 1225598772 1417242620 909645655
2582467208 2841233587 1977830728 2519704355
3457054995 3042033879 3516100691 876727631
131572649 2396496611 3723288611 2851667725
3591025502 1277720686 4075350228 3455077738
160788138 2413622887 1122253734 3487211947
3834890074 97369859 1677617233 3784745644
1268034788 4140667727 565135101 3083764650
4200696591 2181431845 4247660516 124443345
1772320583 2955184873 1448210794 1040641555
1553105205 3036053006 1021114574 1985234415
2987407777 3271098601 663714637 2448839669
4061379500 1848938609 735551409 1397240949
2586749599 749101237 1546677594 3461496719
1255382184 2471616835 973068291 1765665758
4098619721 2301809512 697557425 1301472927
4005883001 3574069025 1797220886 4071785247
700348561 3984971547 926512440 1052574251
198651473 1291435648 608326029 2150417468
1965483506 578516311 915509419 2541945711
73620920 2231498653 3756362028 3562498836
2518056308 2268473792 2883765760 3419139506
2586502192 17314089 3008117210 1451475850
1967148698 2880593579 1781706966 1404918223
658718116 3015178612 37691112 4270503406
1864610614 2648098460 2465236017 3920492183
380141205 3398914096 2817426103 3345577011
3484676209 4151964907 4065160149 3527334835
